[
//other: 1 = river
	{
		level: 1,
		tiles: [1,0,1,1,1,1,1,1,0,1],
		energ: [0,0,2,1,0,0,1,2,0,0],
		other: [0,0,0,1,0,0,0,0,0,0] 
	},
	{
		level: 1,
		tiles: [1,1,1,0,1,1,0,1,1,1],
		energ: [0,0,0,1,0,0,1,0,0,0]
	},
	{
		level: 1,
		tiles: [1,1,1,1,0,1,1,1,0,1],
		energ: [0,0,0,0,0,0,2,0,0,0]
	},
	{
		level: 1,
		tiles: [1,1,1,1,1,0,0,1,1,1,1,1],
		energ: [0,0,2,0,0,0,0,0,2,3,0,0]
	},
	{
		level: 1,
		tiles: [1,2,2,2,3,3,3,2,0,1,1],
		energ: [0,0,0,0,0,4,5,5,4,0,0]
	},
	{
		level: 2,
		tiles: [1,0,1,1,0,2,3,0,1,1,1],
		energ: [0,0,0,2,0,3,0,0,0,2,0]
	},
	{
		level: 2,
		tiles: [1,0,2,1,1,1,1,0,0,1,1,1],
		energ: [0,0,0,0,0,0,2,0,0,0,3,1]
	},
	{
		level: 2,
		tiles: [1,1,0,1,0,1,1,0,0,1,1,1],
		energ: [0,0,0,0,0,0,2,0,0,0,3,1]
	},
	
	{
		level: 3,
		tiles: [1,1,1,0,2,2,2,3,3,3,0,0,2,2,2,0,1],
		energ: [0,0,0,2,3,0,3,4,0,4,0,0,3,0,0,3,2]
	},
	{
		level: 3,
		tiles: [1,1,1,2,2,0,0,3,3,3,0,0,2,2,0,0,1],
		energ: [2,3,0,3,0,0,4,0,0,4,0,0,3,0,0,3,2]
	},
	{
		level: 4,
		tiles: [1,1,1,1,1,1,1,1,1,1,1],
		energ: [0,0,0,0,0,0,0,0,0,0,0],
		final: true
	},
]